% -------------------------------------------------------------------
%  Generated by MATLAB on 3-Nov-2021 23:01:30
%  MATLAB version: 9.1.0.441655 (R2016b)
% -------------------------------------------------------------------
                               

a = ...
  [-7 5 -9;
   2 -1 2;
   1 -1 2];

ans = [-9; 2; 2];

b = ...
  [16 3 2 13;
   5 10 11 8;
   9 6 7 12;
   4 15 14 1];

c = ...
  [4 2 -3;
   7 -7 9;
   3 -5 6];

d = ...
  [6 3 2;
   2 12 -7;
   -1 6 2;
   -5 15 11];

x = ...
  [5 0 0 0 0 0 0;
   0 5 0 0 0 0 0;
   0 0 5 0 0 0 0;
   0 0 0 5 0 0 0;
   0 0 0 0 5 0 0;
   0 0 0 0 0 5 0;
   0 0 0 0 0 0 5];

y = [5; 5; 5; 5; 5; 5; 5];

z = ...
  [5 0 0 0 0 0 0 5;
   0 5 0 0 0 0 0 5;
   0 0 5 0 0 0 0 5;
   0 0 0 5 0 0 0 5;
   0 0 0 0 5 0 0 5;
   0 0 0 0 0 5 0 5;
   0 0 0 0 0 0 5 5];

